service_id,date,exception_type
1,20261012,1
1,20261013,1
1,20261014,1
1,20261015,1
1,20261016,1
1,20261019,1
1,20261020,1
1,20261021,1
1,20261022,1
1,20261023,1
1,20261026,1
1,20261027,1
1,20261028,1
1,20261029,1
1,20261030,1
1,20261102,1
1,20261103,1
1,20261104,1
1,20261105,1
1,20261106,1
1,20261109,1
1,20261110,1
1,20261111,1
1,20261112,1
1,20261113,1
1,20261116,1
1,20261117,1
1,20261118,1
1,20261119,1
1,20261120,1
1,20261123,1
1,20261124,1
1,20261125,1
1,20261126,1
1,20261127,1
1,20261130,1
1,20261201,1
1,20261202,1
1,20261203,1
1,20261204,1
1,20261207,1
1,20261208,1
1,20261209,1
1,20261210,1
1,20261211,1
2,20261106,1
2,20261113,1
2,20261120,1
3,20261016,1
3,20261023,1
3,20261030,1
3,20261127,1
3,20261204,1
3,20261211,1
4,20261102,1
4,20261103,1
4,20261104,1
4,20261105,1
4,20261109,1
4,20261110,1
4,20261111,1
4,20261112,1
4,20261116,1
4,20261117,1
4,20261118,1
4,20261119,1
5,20261012,1
5,20261013,1
5,20261014,1
5,20261015,1
5,20261016,1
5,20261019,1
5,20261020,1
5,20261021,1
5,20261022,1
5,20261023,1
5,20261026,1
5,20261027,1
5,20261028,1
5,20261029,1
5,20261030,1
5,20261123,1
5,20261124,1
5,20261125,1
5,20261126,1
5,20261127,1
5,20261130,1
5,20261201,1
5,20261202,1
5,20261203,1
5,20261204,1
5,20261207,1
5,20261208,1
5,20261209,1
5,20261210,1
5,20261211,1
6,20261102,1
6,20261103,1
6,20261104,1
6,20261105,1
6,20261106,1
6,20261109,1
6,20261110,1
6,20261111,1
6,20261112,1
6,20261113,1
6,20261116,1
6,20261117,1
6,20261118,1
6,20261119,1
6,20261120,1
7,20261012,1
7,20261013,1
7,20261014,1
7,20261015,1
7,20261019,1
7,20261020,1
7,20261021,1
7,20261022,1
7,20261026,1
7,20261027,1
7,20261028,1
7,20261029,1
7,20261123,1
7,20261124,1
7,20261125,1
7,20261126,1
7,20261130,1
7,20261201,1
7,20261202,1
7,20261203,1
7,20261207,1
7,20261208,1
7,20261209,1
7,20261210,1
8,20261127,1
8,20261204,1
8,20261211,1
9,20261017,1
9,20261024,1
9,20261128,1
9,20261205,1
9,20261212,1
10,20261121,1
11,20261017,1
11,20261024,1
11,20261107,1
11,20261114,1
11,20261121,1
11,20261128,1
11,20261205,1
11,20261212,1
12,20261107,1
12,20261114,1
13,20261010,1
14,20261018,1
14,20261025,1
14,20261031,1
14,20261101,1
14,20261108,1
14,20261115,1
14,20261122,1
14,20261129,1
14,20261206,1
14,20261213,1
15,20261108,1
15,20261115,1
16,20261031,1
17,20261122,1
18,20261018,1
18,20261025,1
18,20261101,1
18,20261129,1
18,20261206,1
18,20261213,1
19,20261018,1
19,20261025,1
19,20261031,1
19,20261101,1
19,20261129,1
19,20261206,1
19,20261213,1
20,20261016,1
20,20261023,1
20,20261030,1
21,20261107,1
21,20261114,1
21,20261121,1
21,20261128,1
21,20261205,1
21,20261212,1
22,20261017,1
22,20261024,1
23,20261005,1
23,20261006,1
23,20261007,1
23,20261008,1
23,20261009,1
24,20261012,1
24,20261013,1
24,20261014,1
24,20261015,1
24,20261016,1
24,20261019,1
24,20261020,1
24,20261021,1
24,20261022,1
24,20261023,1
24,20261026,1
24,20261027,1
24,20261028,1
24,20261029,1
24,20261030,1
25,20261026,1
25,20261027,1
25,20261028,1
25,20261029,1
25,20261030,1
25,20261223,1
25,20261228,1
25,20261229,1
25,20261230,1
26,20261009,1
27,20261005,1
27,20261006,1
27,20261007,1
27,20261008,1
27,20261009,1
27,20261012,1
27,20261013,1
27,20261014,1
27,20261015,1
27,20261016,1
27,20261019,1
27,20261020,1
27,20261021,1
27,20261022,1
27,20261023,1
28,20261005,1
28,20261006,1
28,20261007,1
28,20261008,1
28,20261009,1
28,20261012,1
28,20261013,1
28,20261014,1
28,20261015,1
28,20261016,1
28,20261019,1
28,20261020,1
28,20261021,1
28,20261022,1
28,20261023,1
28,20261026,1
28,20261027,1
28,20261028,1
28,20261029,1
28,20261030,1
28,20261123,1
28,20261124,1
28,20261125,1
28,20261126,1
28,20261127,1
28,20261130,1
28,20261201,1
28,20261202,1
28,20261203,1
28,20261204,1
28,20261207,1
28,20261208,1
28,20261209,1
28,20261210,1
28,20261211,1
28,20261214,1
28,20261215,1
28,20261216,1
28,20261217,1
28,20261218,1
28,20261221,1
28,20261222,1
28,20261223,1
28,20261228,1
28,20261229,1
28,20261230,1
29,20261123,1
29,20261127,1
29,20261130,1
29,20261204,1
29,20261207,1
29,20261211,1
29,20261214,1
29,20261218,1
29,20261221,1
29,20261223,1
29,20261228,1
29,20261229,1
29,20261230,1
30,20261005,1
30,20261012,1
30,20261019,1
30,20261123,1
30,20261130,1
30,20261207,1
30,20261214,1
30,20261221,1
31,20261026,1
31,20261027,1
31,20261028,1
31,20261029,1
31,20261223,1
31,20261228,1
31,20261229,1
31,20261230,1
32,20261123,1
32,20261124,1
32,20261125,1
32,20261126,1
32,20261127,1
32,20261130,1
32,20261201,1
32,20261202,1
32,20261203,1
32,20261204,1
32,20261207,1
32,20261208,1
32,20261209,1
32,20261210,1
32,20261211,1
32,20261214,1
32,20261215,1
32,20261216,1
32,20261217,1
32,20261218,1
32,20261221,1
32,20261222,1
32,20261223,1
32,20261228,1
32,20261229,1
32,20261230,1
33,20261005,1
33,20261006,1
33,20261007,1
33,20261008,1
33,20261012,1
33,20261013,1
33,20261014,1
33,20261015,1
33,20261019,1
33,20261020,1
33,20261021,1
33,20261022,1
33,20261123,1
33,20261124,1
33,20261125,1
33,20261126,1
33,20261130,1
33,20261201,1
33,20261202,1
33,20261203,1
33,20261207,1
33,20261208,1
33,20261209,1
33,20261210,1
33,20261214,1
33,20261215,1
33,20261216,1
33,20261217,1
33,20261221,1
33,20261222,1
34,20261026,1
34,20261027,1
34,20261028,1
34,20261029,1
34,20261030,1
35,20261005,1
35,20261006,1
35,20261007,1
35,20261008,1
35,20261009,1
35,20261012,1
35,20261013,1
35,20261014,1
35,20261015,1
35,20261016,1
35,20261019,1
35,20261020,1
35,20261021,1
35,20261022,1
35,20261023,1
35,20261123,1
35,20261124,1
35,20261125,1
35,20261126,1
35,20261127,1
35,20261130,1
35,20261201,1
35,20261202,1
35,20261203,1
35,20261204,1
35,20261207,1
35,20261208,1
35,20261209,1
35,20261210,1
35,20261211,1
35,20261214,1
35,20261215,1
35,20261216,1
35,20261217,1
35,20261218,1
35,20261221,1
35,20261222,1
36,20261005,1
36,20261012,1
36,20261016,1
36,20261019,1
36,20261023,1
36,20261123,1
36,20261127,1
36,20261130,1
36,20261204,1
36,20261207,1
36,20261211,1
36,20261214,1
36,20261218,1
36,20261221,1
37,20261006,1
37,20261007,1
37,20261008,1
38,20261012,1
38,20261019,1
39,20261016,1
39,20261023,1
40,20261124,1
40,20261125,1
40,20261126,1
40,20261201,1
40,20261202,1
40,20261203,1
40,20261208,1
40,20261209,1
40,20261210,1
40,20261215,1
40,20261216,1
40,20261217,1
40,20261222,1
41,20261123,1
41,20261124,1
41,20261125,1
41,20261126,1
41,20261127,1
41,20261130,1
41,20261201,1
41,20261202,1
41,20261203,1
41,20261204,1
41,20261207,1
41,20261208,1
41,20261209,1
41,20261210,1
41,20261211,1
41,20261214,1
41,20261215,1
41,20261216,1
41,20261217,1
41,20261218,1
41,20261221,1
41,20261222,1
42,20261005,1
43,20261010,1
43,20261017,1
43,20261024,1
43,20261128,1
43,20261205,1
43,20261212,1
43,20261219,1
43,20261224,1
43,20261231,1
43,20270102,1
44,20261017,1
44,20261024,1
44,20261128,1
44,20261205,1
44,20261212,1
44,20261219,1
44,20261224,1
44,20261231,1
44,20270102,1
45,20261224,1
46,20261010,1
46,20261017,1
46,20261024,1
46,20261128,1
46,20261205,1
46,20261212,1
46,20261219,1
46,20261231,1
46,20270102,1
47,20261219,1
47,20261224,1
47,20261231,1
47,20270102,1
48,20261128,1
48,20261205,1
48,20261212,1
48,20261219,1
48,20261231,1
48,20270102,1
49,20261017,1
49,20261024,1
49,20261128,1
49,20261205,1
49,20261212,1
49,20261219,1
49,20261231,1
49,20270102,1
50,20261031,1
50,20261225,1
51,20261011,1
52,20261011,1
52,20261018,1
52,20261025,1
52,20261101,1
52,20261129,1
52,20261206,1
52,20261213,1
52,20261220,1
52,20261226,1
52,20261227,1
52,20270101,1
52,20270103,1
53,20261220,1
53,20261226,1
53,20261227,1
53,20270101,1
53,20270103,1
54,20261026,1
54,20261027,1
54,20261028,1
54,20261029,1
55,20261009,1
55,20261016,1
55,20261023,1
55,20261127,1
55,20261204,1
55,20261211,1
55,20261218,1
56,20261005,1
56,20261006,1
56,20261007,1
56,20261008,1
56,20261012,1
56,20261013,1
56,20261014,1
56,20261015,1
56,20261019,1
56,20261020,1
56,20261021,1
56,20261022,1
56,20261026,1
56,20261027,1
56,20261028,1
56,20261029,1
56,20261030,1
56,20261123,1
56,20261124,1
56,20261125,1
56,20261126,1
56,20261130,1
56,20261201,1
56,20261202,1
56,20261203,1
56,20261207,1
56,20261208,1
56,20261209,1
56,20261210,1
56,20261214,1
56,20261215,1
56,20261216,1
56,20261217,1
56,20261221,1
56,20261222,1
56,20261223,1
56,20261228,1
56,20261229,1
56,20261230,1
57,20261005,1
57,20261006,1
57,20261007,1
57,20261008,1
58,20261005,1
58,20261009,1
58,20261012,1
58,20261016,1
58,20261019,1
58,20261023,1
58,20261026,1
58,20261027,1
58,20261028,1
58,20261029,1
58,20261030,1
58,20261123,1
58,20261127,1
58,20261130,1
58,20261204,1
58,20261207,1
58,20261211,1
58,20261214,1
58,20261218,1
58,20261221,1
58,20261223,1
58,20261228,1
58,20261229,1
58,20261230,1
59,20261005,1
59,20261009,1
59,20261012,1
59,20261016,1
59,20261019,1
59,20261023,1
59,20261026,1
59,20261027,1
59,20261028,1
59,20261029,1
59,20261030,1
60,20261012,1
60,20261013,1
60,20261014,1
60,20261015,1
60,20261016,1
60,20261019,1
60,20261020,1
60,20261021,1
60,20261022,1
60,20261023,1
60,20261123,1
60,20261124,1
60,20261125,1
60,20261126,1
60,20261127,1
60,20261130,1
60,20261201,1
60,20261202,1
60,20261203,1
60,20261204,1
60,20261207,1
60,20261208,1
60,20261209,1
60,20261210,1
60,20261211,1
60,20261214,1
60,20261215,1
60,20261216,1
60,20261217,1
60,20261218,1
60,20261221,1
60,20261222,1
61,20261030,1
62,20261223,1
62,20261228,1
62,20261229,1
62,20261230,1
63,20261013,1
63,20261014,1
63,20261015,1
63,20261020,1
63,20261021,1
63,20261022,1
64,20261123,1
64,20261130,1
64,20261207,1
64,20261214,1
64,20261221,1
65,20261127,1
65,20261204,1
65,20261211,1
65,20261218,1
66,20261005,1
66,20261006,1
66,20261007,1
66,20261008,1
66,20261012,1
66,20261013,1
66,20261014,1
66,20261015,1
66,20261019,1
66,20261020,1
66,20261021,1
66,20261022,1
66,20261026,1
66,20261027,1
66,20261028,1
66,20261029,1
66,20261123,1
66,20261124,1
66,20261125,1
66,20261126,1
66,20261130,1
66,20261201,1
66,20261202,1
66,20261203,1
66,20261207,1
66,20261208,1
66,20261209,1
66,20261210,1
66,20261214,1
66,20261215,1
66,20261216,1
66,20261217,1
66,20261221,1
66,20261222,1
66,20261223,1
66,20261228,1
66,20261229,1
66,20261230,1
67,20261219,1
67,20261231,1
67,20270102,1
68,20261123,1
68,20261124,1
68,20261125,1
68,20261126,1
68,20261130,1
68,20261201,1
68,20261202,1
68,20261203,1
68,20261207,1
68,20261208,1
68,20261209,1
68,20261210,1
68,20261214,1
68,20261215,1
68,20261216,1
68,20261217,1
68,20261221,1
68,20261222,1
68,20261223,1
68,20261228,1
68,20261229,1
68,20261230,1
69,20261005,1
69,20261006,1
69,20261007,1
69,20261008,1
69,20261012,1
69,20261013,1
69,20261014,1
69,20261015,1
69,20261019,1
69,20261020,1
69,20261021,1
69,20261022,1
69,20261026,1
69,20261027,1
69,20261028,1
69,20261029,1
70,20261006,1
70,20261007,1
70,20261008,1
70,20261009,1
70,20261013,1
70,20261014,1
70,20261015,1
70,20261016,1
70,20261020,1
70,20261021,1
70,20261022,1
70,20261023,1
70,20261026,1
70,20261027,1
70,20261028,1
70,20261029,1
70,20261030,1
70,20261124,1
70,20261125,1
70,20261126,1
70,20261127,1
70,20261201,1
70,20261202,1
70,20261203,1
70,20261204,1
70,20261208,1
70,20261209,1
70,20261210,1
70,20261211,1
70,20261215,1
70,20261216,1
70,20261217,1
70,20261218,1
70,20261222,1
70,20261223,1
70,20261228,1
70,20261229,1
70,20261230,1
71,20261012,1
71,20261013,1
71,20261014,1
71,20261015,1
71,20261016,1
71,20261019,1
71,20261020,1
71,20261021,1
71,20261022,1
71,20261023,1
71,20261026,1
71,20261027,1
71,20261028,1
71,20261029,1
71,20261030,1
71,20261123,1
71,20261124,1
71,20261125,1
71,20261126,1
71,20261127,1
71,20261130,1
71,20261201,1
71,20261202,1
71,20261203,1
71,20261204,1
71,20261207,1
71,20261208,1
71,20261209,1
71,20261210,1
71,20261211,1
71,20261214,1
71,20261215,1
71,20261216,1
71,20261217,1
71,20261218,1
71,20261221,1
71,20261222,1
71,20261223,1
71,20261228,1
71,20261229,1
71,20261230,1
72,20261016,1
72,20261023,1
72,20261127,1
72,20261204,1
72,20261211,1
72,20261218,1
73,20261012,1
73,20261013,1
73,20261014,1
73,20261015,1
73,20261019,1
73,20261020,1
73,20261021,1
73,20261022,1
73,20261123,1
73,20261124,1
73,20261125,1
73,20261126,1
73,20261130,1
73,20261201,1
73,20261202,1
73,20261203,1
73,20261207,1
73,20261208,1
73,20261209,1
73,20261210,1
73,20261214,1
73,20261215,1
73,20261216,1
73,20261217,1
73,20261221,1
73,20261222,1
74,20261006,1
74,20261007,1
74,20261008,1
74,20261013,1
74,20261014,1
74,20261015,1
74,20261020,1
74,20261021,1
74,20261022,1
74,20261124,1
74,20261125,1
74,20261126,1
74,20261201,1
74,20261202,1
74,20261203,1
74,20261208,1
74,20261209,1
74,20261210,1
74,20261215,1
74,20261216,1
74,20261217,1
74,20261222,1
75,20261006,1
75,20261007,1
75,20261008,1
75,20261013,1
75,20261014,1
75,20261015,1
75,20261020,1
75,20261021,1
75,20261022,1
76,20261225,1
77,20261220,1
77,20261225,1
77,20261226,1
77,20261227,1
77,20270101,1
77,20270103,1
78,20261018,1
78,20261025,1
78,20261101,1
78,20261129,1
78,20261206,1
78,20261213,1
78,20261220,1
78,20261226,1
78,20261227,1
78,20270101,1
78,20270103,1
79,20261009,1
79,20261016,1
79,20261023,1
79,20261030,1
79,20261127,1
79,20261204,1
79,20261211,1
79,20261218,1
80,20261005,1
80,20261006,1
80,20261007,1
80,20261008,1
80,20261009,1
80,20261012,1
80,20261013,1
80,20261014,1
80,20261015,1
80,20261016,1
80,20261019,1
80,20261020,1
80,20261021,1
80,20261022,1
80,20261023,1
80,20261026,1
80,20261027,1
80,20261028,1
80,20261029,1
80,20261030,1
81,20261218,1
82,20261016,1
82,20261023,1
82,20261026,1
82,20261027,1
82,20261028,1
82,20261029,1
82,20261030,1
83,20261127,1
83,20261204,1
83,20261211,1
83,20261218,1
83,20261223,1
83,20261228,1
83,20261229,1
83,20261230,1
84,20261011,1
84,20261018,1
84,20261025,1
84,20261101,1
85,20261129,1
85,20261206,1
85,20261213,1
85,20261220,1
85,20261226,1
85,20261227,1
85,20270101,1
85,20270103,1
86,20261214,1
86,20261215,1
86,20261216,1
86,20261217,1
86,20261221,1
86,20261222,1
86,20261223,1
86,20261228,1
86,20261229,1
86,20261230,1
87,20261214,1
87,20261215,1
87,20261216,1
87,20261217,1
87,20261218,1
87,20261221,1
87,20261222,1
87,20261223,1
87,20261228,1
87,20261229,1
87,20261230,1
88,20261005,1
88,20261006,1
88,20261008,1
88,20261009,1
89,20261123,1
89,20261124,1
89,20261126,1
89,20261127,1
89,20261130,1
89,20261201,1
89,20261203,1
89,20261204,1
89,20261207,1
89,20261208,1
89,20261210,1
89,20261211,1
89,20261214,1
89,20261215,1
89,20261217,1
89,20261218,1
89,20261221,1
89,20261222,1
89,20261223,1
89,20261228,1
89,20261229,1
89,20261230,1
90,20261125,1
90,20261202,1
90,20261209,1
90,20261216,1
91,20261005,1
91,20261006,1
91,20261008,1
91,20261009,1
91,20261012,1
91,20261013,1
91,20261015,1
91,20261016,1
91,20261019,1
91,20261020,1
91,20261022,1
91,20261023,1
91,20261123,1
91,20261124,1
91,20261126,1
91,20261127,1
91,20261130,1
91,20261201,1
91,20261203,1
91,20261204,1
91,20261207,1
91,20261208,1
91,20261210,1
91,20261211,1
91,20261214,1
91,20261215,1
91,20261217,1
91,20261218,1
91,20261221,1
91,20261222,1
92,20261011,1
92,20261018,1
92,20261025,1
92,20261031,1
92,20261101,1
92,20261129,1
92,20261206,1
92,20261213,1
92,20261220,1
92,20261225,1
92,20261226,1
92,20261227,1
92,20270101,1
92,20270103,1
93,20261012,1
93,20261013,1
93,20261015,1
93,20261016,1
93,20261019,1
93,20261020,1
93,20261022,1
93,20261023,1
93,20261026,1
93,20261027,1
93,20261028,1
93,20261029,1
93,20261030,1
94,20261007,1
94,20261014,1
94,20261021,1
94,20261125,1
94,20261202,1
94,20261209,1
94,20261216,1
95,20261007,1
96,20261014,1
96,20261021,1
97,20261009,1
97,20261016,1
97,20261023,1
98,20261225,1
98,20270101,1
99,20261102,1
99,20261103,1
99,20261104,1
99,20261105,1
99,20261106,1
99,20261109,1
99,20261110,1
99,20261111,1
99,20261112,1
99,20261113,1
99,20261116,1
99,20261117,1
99,20261118,1
99,20261119,1
99,20261120,1
99,20261123,1
99,20261124,1
99,20261125,1
99,20261126,1
99,20261127,1
99,20261130,1
99,20261201,1
99,20261202,1
99,20261203,1
99,20261204,1
99,20261207,1
99,20261208,1
99,20261209,1
99,20261210,1
99,20261211,1
99,20261214,1
99,20261215,1
99,20261216,1
99,20261217,1
99,20261218,1
99,20261221,1
99,20261222,1
99,20261223,1
99,20261228,1
99,20261229,1
99,20261230,1
100,20261107,1
100,20261114,1
100,20261121,1
100,20261128,1
100,20261205,1
100,20261212,1
100,20261219,1
100,20261224,1
100,20261231,1
100,20270102,1
101,20261010,1
101,20261017,1
101,20261024,1
102,20261122,1
102,20261129,1
102,20261206,1
102,20261213,1
102,20261220,1
102,20261225,1
102,20261226,1
102,20261227,1
102,20270101,1
102,20270103,1
103,20261011,1
103,20261018,1
103,20261025,1
103,20261031,1
103,20261101,1
104,20261005,1
104,20261006,1
104,20261007,1
104,20261008,1
104,20261009,1
104,20261012,1
104,20261013,1
104,20261014,1
104,20261015,1
104,20261016,1
104,20261019,1
104,20261020,1
104,20261021,1
104,20261022,1
104,20261023,1
104,20261026,1
104,20261027,1
104,20261028,1
104,20261029,1
104,20261030,1
104,20261102,1
104,20261103,1
104,20261104,1
104,20261105,1
104,20261106,1
104,20261109,1
104,20261110,1
104,20261111,1
104,20261112,1
104,20261113,1
104,20261116,1
104,20261117,1
104,20261118,1
104,20261119,1
104,20261120,1
105,20261009,1
105,20261016,1
105,20261023,1
105,20261106,1
105,20261113,1
105,20261120,1
106,20261005,1
106,20261006,1
106,20261007,1
106,20261008,1
106,20261012,1
106,20261013,1
106,20261014,1
106,20261015,1
106,20261019,1
106,20261020,1
106,20261021,1
106,20261022,1
106,20261102,1
106,20261103,1
106,20261104,1
106,20261105,1
106,20261109,1
106,20261110,1
106,20261111,1
106,20261112,1
106,20261116,1
106,20261117,1
106,20261118,1
106,20261119,1
107,20261123,1
107,20261124,1
107,20261125,1
107,20261126,1
107,20261130,1
107,20261201,1
107,20261202,1
107,20261203,1
107,20261207,1
107,20261208,1
107,20261209,1
107,20261210,1
107,20261214,1
107,20261215,1
107,20261216,1
107,20261217,1
107,20261221,1
107,20261222,1
108,20261104,1
108,20261111,1
108,20261118,1
109,20261103,1
109,20261104,1
109,20261105,1
109,20261110,1
109,20261111,1
109,20261112,1
109,20261117,1
109,20261118,1
109,20261119,1
110,20261102,1
110,20261109,1
110,20261116,1
111,20261102,1
111,20261103,1
111,20261105,1
111,20261106,1
111,20261109,1
111,20261110,1
111,20261112,1
111,20261113,1
111,20261116,1
111,20261117,1
111,20261119,1
111,20261120,1
112,20261005,1
112,20261006,1
112,20261007,1
112,20261008,1
112,20261012,1
112,20261013,1
112,20261014,1
112,20261015,1
112,20261019,1
112,20261020,1
112,20261021,1
112,20261022,1
112,20261026,1
112,20261027,1
112,20261028,1
112,20261029,1
112,20261030,1
112,20261102,1
112,20261103,1
112,20261104,1
112,20261105,1
112,20261109,1
112,20261110,1
112,20261111,1
112,20261112,1
112,20261116,1
112,20261117,1
112,20261118,1
112,20261119,1
113,20261012,1
113,20261013,1
113,20261014,1
113,20261015,1
113,20261016,1
113,20261019,1
113,20261020,1
113,20261021,1
113,20261022,1
113,20261023,1
114,20261005,1
114,20261006,1
114,20261007,1
114,20261008,1
114,20261009,1
114,20261012,1
114,20261013,1
114,20261014,1
114,20261015,1
114,20261016,1
114,20261019,1
114,20261020,1
114,20261021,1
114,20261022,1
114,20261023,1
114,20261102,1
114,20261103,1
114,20261104,1
114,20261105,1
114,20261106,1
114,20261109,1
114,20261110,1
114,20261111,1
114,20261112,1
114,20261113,1
114,20261116,1
114,20261117,1
114,20261118,1
114,20261119,1
114,20261120,1
114,20261123,1
114,20261124,1
114,20261125,1
114,20261126,1
114,20261127,1
114,20261130,1
114,20261201,1
114,20261202,1
114,20261203,1
114,20261204,1
114,20261207,1
114,20261208,1
114,20261209,1
114,20261210,1
114,20261211,1
114,20261214,1
114,20261215,1
114,20261216,1
114,20261217,1
114,20261218,1
114,20261221,1
114,20261222,1
115,20261005,1
115,20261006,1
115,20261007,1
115,20261008,1
115,20261009,1
115,20261012,1
115,20261013,1
115,20261014,1
115,20261015,1
115,20261016,1
115,20261019,1
115,20261020,1
115,20261021,1
115,20261022,1
115,20261023,1
115,20261026,1
115,20261027,1
115,20261028,1
115,20261029,1
115,20261030,1
115,20261102,1
115,20261103,1
115,20261104,1
115,20261105,1
115,20261106,1
115,20261109,1
115,20261110,1
115,20261111,1
115,20261112,1
115,20261113,1
115,20261116,1
115,20261117,1
115,20261118,1
115,20261119,1
115,20261120,1
115,20261123,1
115,20261124,1
115,20261125,1
115,20261126,1
115,20261127,1
115,20261130,1
115,20261201,1
115,20261202,1
115,20261203,1
115,20261204,1
115,20261207,1
115,20261208,1
115,20261209,1
115,20261210,1
115,20261211,1
115,20261214,1
115,20261215,1
115,20261216,1
115,20261217,1
115,20261218,1
115,20261221,1
115,20261222,1
115,20261223,1
115,20261228,1
115,20261229,1
115,20261230,1
116,20261005,1
116,20261006,1
116,20261007,1
116,20261008,1
116,20261009,1
116,20261012,1
116,20261013,1
116,20261014,1
116,20261015,1
116,20261016,1
116,20261019,1
116,20261020,1
116,20261021,1
116,20261022,1
116,20261023,1
116,20261026,1
116,20261027,1
116,20261028,1
116,20261029,1
116,20261030,1
116,20261102,1
116,20261103,1
116,20261104,1
116,20261105,1
116,20261106,1
116,20261109,1
116,20261110,1
116,20261111,1
116,20261112,1
116,20261113,1
116,20261116,1
116,20261117,1
116,20261118,1
116,20261119,1
116,20261120,1
116,20261123,1
116,20261124,1
116,20261125,1
116,20261126,1
116,20261127,1
116,20261130,1
116,20261201,1
116,20261202,1
116,20261203,1
116,20261204,1
116,20261207,1
116,20261208,1
116,20261209,1
116,20261210,1
116,20261211,1
117,20261005,1
117,20261006,1
117,20261007,1
117,20261008,1
117,20261012,1
117,20261013,1
117,20261014,1
117,20261015,1
117,20261019,1
117,20261020,1
117,20261021,1
117,20261022,1
117,20261026,1
117,20261027,1
117,20261028,1
117,20261029,1
117,20261102,1
117,20261103,1
117,20261104,1
117,20261105,1
117,20261109,1
117,20261110,1
117,20261111,1
117,20261112,1
117,20261116,1
117,20261117,1
117,20261118,1
117,20261119,1
117,20261123,1
117,20261124,1
117,20261125,1
117,20261126,1
117,20261130,1
117,20261201,1
117,20261202,1
117,20261203,1
117,20261207,1
117,20261208,1
117,20261209,1
117,20261210,1
117,20261214,1
117,20261215,1
117,20261216,1
117,20261217,1
117,20261221,1
117,20261222,1
117,20261223,1
117,20261228,1
117,20261229,1
117,20261230,1
118,20261009,1
118,20261016,1
118,20261023,1
118,20261030,1
118,20261106,1
118,20261113,1
118,20261120,1
118,20261127,1
118,20261204,1
118,20261211,1
118,20261218,1
119,20261123,1
119,20261124,1
119,20261125,1
119,20261126,1
119,20261127,1
119,20261130,1
119,20261201,1
119,20261202,1
119,20261203,1
119,20261204,1
119,20261207,1
119,20261208,1
119,20261209,1
119,20261210,1
119,20261211,1
119,20261214,1
119,20261215,1
119,20261216,1
119,20261217,1
119,20261218,1
120,20261010,1
120,20261017,1
120,20261024,1
120,20261107,1
120,20261114,1
120,20261121,1
120,20261128,1
120,20261205,1
120,20261212,1
120,20261219,1
120,20261231,1
120,20270102,1
121,20261010,1
121,20261017,1
121,20261024,1
121,20261107,1
121,20261114,1
121,20261121,1
121,20261128,1
121,20261205,1
121,20261212,1
121,20261219,1
121,20261224,1
121,20261231,1
121,20270102,1
122,20261011,1
122,20261018,1
122,20261025,1
122,20261101,1
122,20261108,1
122,20261115,1
122,20261122,1
122,20261129,1
122,20261206,1
122,20261213,1
122,20261220,1
122,20261226,1
122,20261227,1
122,20270101,1
122,20270103,1
123,20261011,1
123,20261018,1
123,20261025,1
123,20261031,1
123,20261101,1
123,20261108,1
123,20261115,1
123,20261122,1
123,20261129,1
123,20261206,1
123,20261213,1
123,20261220,1
123,20261225,1
123,20261226,1
123,20261227,1
123,20270101,1
123,20270103,1
124,20261221,1
124,20261222,1
124,20261223,1
124,20261228,1
124,20261229,1
124,20261230,1
125,20261005,1
125,20261006,1
125,20261007,1
125,20261008,1
125,20261009,1
125,20261012,1
125,20261013,1
125,20261014,1
125,20261015,1
125,20261016,1
125,20261019,1
125,20261020,1
125,20261021,1
125,20261022,1
125,20261023,1
125,20261102,1
125,20261103,1
125,20261104,1
125,20261105,1
125,20261106,1
125,20261109,1
125,20261110,1
125,20261111,1
125,20261112,1
125,20261113,1
125,20261116,1
125,20261117,1
125,20261118,1
125,20261119,1
125,20261120,1
125,20261123,1
125,20261124,1
125,20261125,1
125,20261126,1
125,20261127,1
125,20261130,1
125,20261201,1
125,20261202,1
125,20261203,1
125,20261204,1
125,20261207,1
125,20261208,1
125,20261209,1
125,20261210,1
125,20261211,1
125,20261214,1
125,20261215,1
125,20261216,1
125,20261217,1
125,20261218,1
126,20261026,1
126,20261027,1
126,20261028,1
126,20261029,1
126,20261030,1
126,20261221,1
126,20261222,1
126,20261223,1
126,20261228,1
126,20261229,1
126,20261230,1
127,20261007,1
127,20261009,1
127,20261014,1
127,20261016,1
127,20261021,1
127,20261023,1
127,20261104,1
127,20261106,1
127,20261111,1
127,20261113,1
127,20261118,1
127,20261120,1
127,20261125,1
127,20261127,1
127,20261202,1
127,20261204,1
127,20261209,1
127,20261211,1
127,20261216,1
127,20261218,1
128,20261028,1
128,20261030,1
128,20261223,1
128,20261230,1
129,20261005,1
129,20261006,1
129,20261008,1
129,20261012,1
129,20261013,1
129,20261015,1
129,20261019,1
129,20261020,1
129,20261022,1
129,20261102,1
129,20261103,1
129,20261105,1
129,20261109,1
129,20261110,1
129,20261112,1
129,20261116,1
129,20261117,1
129,20261119,1
129,20261123,1
129,20261124,1
129,20261126,1
129,20261130,1
129,20261201,1
129,20261203,1
129,20261207,1
129,20261208,1
129,20261210,1
129,20261214,1
129,20261215,1
129,20261217,1
130,20261026,1
130,20261027,1
130,20261029,1
130,20261221,1
130,20261222,1
130,20261228,1
130,20261229,1
131,20261012,1
131,20261013,1
131,20261014,1
131,20261015,1
131,20261016,1
131,20261019,1
131,20261020,1
131,20261021,1
131,20261022,1
131,20261023,1
131,20261123,1
131,20261124,1
131,20261125,1
131,20261126,1
131,20261127,1
131,20261130,1
131,20261201,1
131,20261202,1
131,20261203,1
131,20261204,1
131,20261207,1
131,20261208,1
131,20261209,1
131,20261210,1
131,20261211,1
131,20261214,1
131,20261215,1
131,20261216,1
131,20261217,1
131,20261218,1
132,20261006,1
132,20261008,1
132,20261012,1
132,20261013,1
132,20261015,1
132,20261019,1
132,20261020,1
132,20261022,1
132,20261102,1
132,20261103,1
132,20261105,1
132,20261109,1
132,20261110,1
132,20261112,1
132,20261116,1
132,20261117,1
132,20261119,1
132,20261123,1
132,20261124,1
132,20261126,1
132,20261130,1
132,20261201,1
132,20261203,1
132,20261207,1
132,20261208,1
132,20261210,1
132,20261214,1
132,20261215,1
132,20261217,1
133,20261005,1
133,20261006,1
133,20261007,1
133,20261008,1
133,20261012,1
133,20261013,1
133,20261014,1
133,20261015,1
133,20261019,1
133,20261020,1
133,20261021,1
133,20261022,1
133,20261026,1
133,20261027,1
133,20261028,1
133,20261029,1
133,20261030,1
134,20261102,1
134,20261106,1
134,20261109,1
134,20261113,1
134,20261116,1
134,20261120,1
135,20261005,1
135,20261012,1
135,20261019,1
135,20261026,1
135,20261102,1
135,20261109,1
135,20261116,1
135,20261123,1
135,20261130,1
135,20261207,1
135,20261214,1
135,20261221,1
135,20261228,1
136,20261005,1
136,20261009,1
136,20261012,1
136,20261016,1
136,20261019,1
136,20261023,1
136,20261026,1
136,20261030,1
136,20261102,1
136,20261106,1
136,20261109,1
136,20261113,1
136,20261116,1
136,20261120,1
136,20261123,1
136,20261127,1
136,20261130,1
136,20261204,1
136,20261207,1
136,20261211,1
136,20261214,1
136,20261218,1
136,20261221,1
136,20261228,1
137,20261106,1
137,20261113,1
137,20261120,1
137,20261127,1
137,20261204,1
137,20261211,1
137,20261218,1
138,20261009,1
138,20261016,1
138,20261023,1
138,20261030,1
139,20261006,1
139,20261007,1
139,20261008,1
139,20261013,1
139,20261014,1
139,20261015,1
139,20261020,1
139,20261021,1
139,20261022,1
139,20261027,1
139,20261028,1
139,20261029,1
139,20261103,1
139,20261104,1
139,20261105,1
139,20261110,1
139,20261111,1
139,20261112,1
139,20261117,1
139,20261118,1
139,20261119,1
139,20261124,1
139,20261125,1
139,20261126,1
139,20261201,1
139,20261202,1
139,20261203,1
139,20261208,1
139,20261209,1
139,20261210,1
139,20261215,1
139,20261216,1
139,20261217,1
139,20261222,1
139,20261223,1
139,20261229,1
139,20261230,1
140,20261102,1
140,20261103,1
140,20261104,1
140,20261105,1
140,20261109,1
140,20261110,1
140,20261111,1
140,20261112,1
140,20261116,1
140,20261117,1
140,20261118,1
140,20261119,1
140,20261123,1
140,20261124,1
140,20261125,1
140,20261126,1
140,20261130,1
140,20261201,1
140,20261202,1
140,20261203,1
140,20261207,1
140,20261208,1
140,20261209,1
140,20261210,1
140,20261214,1
140,20261215,1
140,20261216,1
140,20261217,1
140,20261221,1
140,20261222,1
140,20261223,1
140,20261228,1
140,20261229,1
140,20261230,1
141,20261009,1
141,20261016,1
141,20261023,1
141,20261106,1
141,20261113,1
141,20261120,1
141,20261127,1
141,20261204,1
141,20261211,1
142,20261107,1
142,20261114,1
142,20261121,1
142,20261128,1
142,20261205,1
142,20261212,1
142,20261219,1
142,20261231,1
142,20270102,1
143,20261005,1
143,20261006,1
143,20261007,1
143,20261008,1
143,20261012,1
143,20261013,1
143,20261014,1
143,20261015,1
143,20261019,1
143,20261020,1
143,20261021,1
143,20261022,1
143,20261102,1
143,20261103,1
143,20261104,1
143,20261105,1
143,20261109,1
143,20261110,1
143,20261111,1
143,20261112,1
143,20261116,1
143,20261117,1
143,20261118,1
143,20261119,1
143,20261123,1
143,20261124,1
143,20261125,1
143,20261126,1
143,20261130,1
143,20261201,1
143,20261202,1
143,20261203,1
143,20261207,1
143,20261208,1
143,20261209,1
143,20261210,1
144,20261214,1
144,20261215,1
144,20261216,1
144,20261217,1
145,20261215,1
145,20261216,1
145,20261222,1
145,20261223,1
145,20261229,1
145,20261230,1
146,20261011,1
146,20261018,1
146,20261025,1
146,20261031,1
146,20261101,1
146,20261108,1
146,20261115,1
146,20261122,1
146,20261129,1
146,20261206,1
147,20261103,1
147,20261104,1
147,20261105,1
147,20261106,1
147,20261110,1
147,20261111,1
147,20261112,1
147,20261113,1
147,20261117,1
147,20261118,1
147,20261119,1
147,20261120,1
148,20261008,1
148,20261012,1
148,20261015,1
148,20261019,1
148,20261022,1
148,20261102,1
148,20261105,1
148,20261109,1
148,20261112,1
148,20261116,1
148,20261119,1
148,20261123,1
148,20261126,1
148,20261130,1
148,20261203,1
148,20261207,1
148,20261210,1
148,20261214,1
148,20261217,1
149,20261006,1
149,20261007,1
149,20261009,1
149,20261013,1
149,20261014,1
149,20261016,1
149,20261020,1
149,20261021,1
149,20261023,1
149,20261103,1
149,20261104,1
149,20261106,1
149,20261110,1
149,20261111,1
149,20261113,1
149,20261117,1
149,20261118,1
149,20261120,1
149,20261124,1
149,20261125,1
149,20261127,1
149,20261201,1
149,20261202,1
149,20261204,1
149,20261208,1
149,20261209,1
149,20261211,1
149,20261215,1
149,20261216,1
149,20261218,1
150,20261006,1
150,20261013,1
150,20261020,1
150,20261103,1
150,20261110,1
150,20261117,1
150,20261124,1
150,20261201,1
150,20261208,1
150,20261215,1
151,20261102,1
151,20261103,1
151,20261104,1
151,20261105,1
151,20261106,1
151,20261109,1
151,20261110,1
151,20261111,1
151,20261112,1
151,20261113,1
151,20261116,1
151,20261117,1
151,20261118,1
151,20261119,1
151,20261120,1
151,20261123,1
151,20261124,1
151,20261125,1
151,20261126,1
151,20261127,1
151,20261130,1
151,20261201,1
151,20261202,1
151,20261203,1
151,20261204,1
151,20261207,1
151,20261208,1
151,20261209,1
151,20261210,1
151,20261211,1
151,20261214,1
151,20261215,1
151,20261216,1
151,20261217,1
151,20261218,1
152,20261011,1
152,20261018,1
152,20261025,1
152,20261031,1
153,20261017,1
153,20261024,1
153,20261107,1
153,20261114,1
153,20261121,1
153,20261128,1
153,20261205,1
153,20261212,1
153,20261219,1
153,20261224,1
153,20261231,1
153,20270102,1
154,20261012,1
154,20261013,1
154,20261014,1
154,20261015,1
154,20261016,1
154,20261019,1
154,20261020,1
154,20261021,1
154,20261022,1
154,20261023,1
154,20261026,1
154,20261027,1
154,20261028,1
154,20261029,1
154,20261030,1
154,20261102,1
154,20261103,1
154,20261104,1
154,20261105,1
154,20261106,1
154,20261109,1
154,20261110,1
154,20261111,1
154,20261112,1
154,20261113,1
154,20261116,1
154,20261117,1
154,20261118,1
154,20261119,1
154,20261120,1
155,20261011,1
155,20261018,1
155,20261025,1
155,20261031,1
155,20261101,1
155,20261108,1
155,20261115,1
156,20261026,1
156,20261027,1
156,20261028,1
156,20261029,1
156,20261030,1
156,20261102,1
156,20261103,1
156,20261104,1
156,20261105,1
156,20261106,1
156,20261109,1
156,20261110,1
156,20261111,1
156,20261112,1
156,20261113,1
156,20261116,1
156,20261117,1
156,20261118,1
156,20261119,1
156,20261120,1
157,20261010,1
157,20261017,1
157,20261024,1
157,20261107,1
157,20261114,1
158,20261012,1
158,20261013,1
158,20261014,1
158,20261015,1
158,20261019,1
158,20261020,1
158,20261021,1
158,20261022,1
158,20261026,1
158,20261027,1
158,20261028,1
158,20261029,1
158,20261102,1
158,20261103,1
158,20261104,1
158,20261105,1
158,20261109,1
158,20261110,1
158,20261111,1
158,20261112,1
158,20261116,1
158,20261117,1
158,20261118,1
158,20261119,1
159,20261016,1
159,20261023,1
159,20261030,1
159,20261106,1
159,20261113,1
159,20261120,1
160,20261008,1
160,20261015,1
160,20261022,1
160,20261105,1
160,20261112,1
160,20261119,1
160,20261126,1
160,20261203,1
160,20261210,1
160,20261217,1
161,20261007,1
161,20261014,1
161,20261021,1
161,20261104,1
161,20261111,1
161,20261118,1
161,20261125,1
161,20261202,1
161,20261209,1
161,20261216,1
162,20261005,1
162,20261006,1
162,20261012,1
162,20261013,1
162,20261019,1
162,20261020,1
162,20261102,1
162,20261103,1
162,20261109,1
162,20261110,1
162,20261116,1
162,20261117,1
162,20261123,1
162,20261124,1
162,20261130,1
162,20261201,1
162,20261207,1
162,20261208,1
162,20261214,1
162,20261215,1
163,20261009,1
163,20261016,1
163,20261023,1
163,20261106,1
163,20261113,1
163,20261120,1
163,20261127,1
163,20261204,1
163,20261211,1
163,20261218,1
164,20261005,1
164,20261006,1
164,20261007,1
164,20261009,1
164,20261012,1
164,20261013,1
164,20261014,1
164,20261016,1
164,20261019,1
164,20261020,1
164,20261021,1
164,20261023,1
164,20261102,1
164,20261103,1
164,20261104,1
164,20261106,1
164,20261109,1
164,20261110,1
164,20261111,1
164,20261113,1
164,20261116,1
164,20261117,1
164,20261118,1
164,20261120,1
164,20261123,1
164,20261124,1
164,20261125,1
164,20261127,1
164,20261130,1
164,20261201,1
164,20261202,1
164,20261204,1
164,20261207,1
164,20261208,1
164,20261209,1
164,20261211,1
164,20261214,1
164,20261215,1
164,20261216,1
164,20261218,1
165,20261005,1
165,20261006,1
165,20261007,1
165,20261008,1
165,20261009,1
165,20261012,1
165,20261013,1
165,20261014,1
165,20261015,1
165,20261016,1
165,20261019,1
165,20261020,1
165,20261021,1
165,20261022,1
165,20261023,1
165,20261026,1
165,20261027,1
165,20261028,1
165,20261029,1
165,20261030,1
165,20261102,1
165,20261103,1
165,20261104,1
165,20261105,1
165,20261106,1
165,20261109,1
165,20261110,1
165,20261111,1
165,20261112,1
165,20261113,1
165,20261116,1
165,20261117,1
165,20261118,1
165,20261119,1
165,20261120,1
165,20261123,1
165,20261124,1
165,20261125,1
165,20261126,1
165,20261127,1
165,20261130,1
165,20261201,1
165,20261202,1
165,20261203,1
165,20261204,1
165,20261207,1
165,20261208,1
165,20261209,1
165,20261210,1
165,20261211,1
165,20261214,1
165,20261215,1
165,20261216,1
165,20261217,1
165,20261218,1
166,20261009,1
166,20261016,1
167,20261011,1
167,20261018,1
168,20261224,1
168,20261231,1
169,20261010,1
169,20261017,1
169,20261024,1
169,20261107,1
169,20261114,1
169,20261121,1
169,20261128,1
169,20261205,1
169,20261212,1
169,20261219,1
169,20270102,1
170,20261016,1
170,20261023,1
170,20261030,1
170,20261127,1
170,20261204,1
170,20261211,1
170,20261218,1
171,20261018,1
171,20261025,1
171,20261031,1
171,20261101,1
171,20261129,1
171,20261206,1
171,20261213,1
171,20261220,1
171,20261225,1
171,20261226,1
171,20261227,1
171,20270101,1
171,20270103,1
172,20261012,1
172,20261013,1
172,20261014,1
172,20261015,1
172,20261019,1
172,20261020,1
172,20261021,1
172,20261022,1
172,20261026,1
172,20261027,1
172,20261028,1
172,20261029,1
172,20261123,1
172,20261124,1
172,20261125,1
172,20261126,1
172,20261130,1
172,20261201,1
172,20261202,1
172,20261203,1
172,20261207,1
172,20261208,1
172,20261209,1
172,20261210,1
172,20261214,1
172,20261215,1
172,20261216,1
172,20261217,1
172,20261221,1
172,20261222,1
172,20261223,1
172,20261228,1
172,20261229,1
172,20261230,1
173,20261128,1
173,20261205,1
173,20261212,1
173,20261219,1
173,20261224,1
173,20261231,1
173,20270102,1
174,20261123,1
174,20261124,1
174,20261125,1
174,20261126,1
174,20261127,1
174,20261130,1
174,20261201,1
174,20261202,1
174,20261203,1
174,20261204,1
174,20261207,1
174,20261208,1
174,20261209,1
174,20261210,1
174,20261211,1
175,20261129,1
175,20261206,1
175,20261213,1
175,20261220,1
175,20261225,1
175,20261226,1
175,20261227,1
175,20270101,1
175,20270103,1
