service_id,monday,tuesday,wednesday,thursday,friday,saturday,sunday,start_date,end_date
1,0,0,0,0,0,0,0,20261012,20261211
2,0,0,0,0,0,0,0,20261106,20261120
3,0,0,0,0,0,0,0,20261016,20261211
4,0,0,0,0,0,0,0,20261102,20261119
5,0,0,0,0,0,0,0,20261012,20261211
6,0,0,0,0,0,0,0,20261102,20261120
7,0,0,0,0,0,0,0,20261012,20261210
8,0,0,0,0,0,0,0,20261127,20261211
9,0,0,0,0,0,0,0,20261017,20261212
10,0,0,0,0,0,0,0,20261121,20261121
11,0,0,0,0,0,0,0,20261017,20261212
12,0,0,0,0,0,0,0,20261107,20261114
13,0,0,0,0,0,0,0,20261010,20261010
14,0,0,0,0,0,0,0,20261018,20261213
15,0,0,0,0,0,0,0,20261108,20261115
16,0,0,0,0,0,0,0,20261031,20261031
17,0,0,0,0,0,0,0,20261122,20261122
18,0,0,0,0,0,0,0,20261018,20261213
19,0,0,0,0,0,0,0,20261018,20261213
20,0,0,0,0,0,0,0,20261016,20261030
21,0,0,0,0,0,0,0,20261107,20261212
22,0,0,0,0,0,0,0,20261017,20261024
23,0,0,0,0,0,0,0,20261005,20261009
24,0,0,0,0,0,0,0,20261012,20261030
25,0,0,0,0,0,0,0,20261026,20261230
26,0,0,0,0,0,0,0,20261009,20261009
27,0,0,0,0,0,0,0,20261005,20261023
28,0,0,0,0,0,0,0,20261005,20261230
29,0,0,0,0,0,0,0,20261123,20261230
30,0,0,0,0,0,0,0,20261005,20261221
31,0,0,0,0,0,0,0,20261026,20261230
32,0,0,0,0,0,0,0,20261123,20261230
33,0,0,0,0,0,0,0,20261005,20261222
34,0,0,0,0,0,0,0,20261026,20261030
35,0,0,0,0,0,0,0,20261005,20261222
36,0,0,0,0,0,0,0,20261005,20261221
37,0,0,0,0,0,0,0,20261006,20261008
38,0,0,0,0,0,0,0,20261012,20261019
39,0,0,0,0,0,0,0,20261016,20261023
40,0,0,0,0,0,0,0,20261124,20261222
41,0,0,0,0,0,0,0,20261123,20261222
42,0,0,0,0,0,0,0,20261005,20261005
43,0,0,0,0,0,0,0,20261010,20270102
44,0,0,0,0,0,0,0,20261017,20270102
45,0,0,0,0,0,0,0,20261224,20261224
46,0,0,0,0,0,0,0,20261010,20270102
47,0,0,0,0,0,0,0,20261219,20270102
48,0,0,0,0,0,0,0,20261128,20270102
49,0,0,0,0,0,0,0,20261017,20270102
50,0,0,0,0,0,0,0,20261031,20261225
51,0,0,0,0,0,0,0,20261011,20261011
52,0,0,0,0,0,0,0,20261011,20270103
53,0,0,0,0,0,0,0,20261220,20270103
54,0,0,0,0,0,0,0,20261026,20261029
55,0,0,0,0,0,0,0,20261009,20261218
56,0,0,0,0,0,0,0,20261005,20261230
57,0,0,0,0,0,0,0,20261005,20261008
58,0,0,0,0,0,0,0,20261005,20261230
59,0,0,0,0,0,0,0,20261005,20261030
60,0,0,0,0,0,0,0,20261012,20261222
61,0,0,0,0,0,0,0,20261030,20261030
62,0,0,0,0,0,0,0,20261223,20261230
63,0,0,0,0,0,0,0,20261013,20261022
64,0,0,0,0,0,0,0,20261123,20261221
65,0,0,0,0,0,0,0,20261127,20261218
66,0,0,0,0,0,0,0,20261005,20261230
67,0,0,0,0,0,0,0,20261219,20270102
68,0,0,0,0,0,0,0,20261123,20261230
69,0,0,0,0,0,0,0,20261005,20261029
70,0,0,0,0,0,0,0,20261006,20261230
71,0,0,0,0,0,0,0,20261012,20261230
72,0,0,0,0,0,0,0,20261016,20261218
73,0,0,0,0,0,0,0,20261012,20261222
74,0,0,0,0,0,0,0,20261006,20261222
75,0,0,0,0,0,0,0,20261006,20261022
76,0,0,0,0,0,0,0,20261225,20261225
77,0,0,0,0,0,0,0,20261220,20270103
78,0,0,0,0,0,0,0,20261018,20270103
79,0,0,0,0,0,0,0,20261009,20261218
80,0,0,0,0,0,0,0,20261005,20261030
81,0,0,0,0,0,0,0,20261218,20261218
82,0,0,0,0,0,0,0,20261016,20261030
83,0,0,0,0,0,0,0,20261127,20261230
84,0,0,0,0,0,0,0,20261011,20261101
85,0,0,0,0,0,0,0,20261129,20270103
86,0,0,0,0,0,0,0,20261214,20261230
87,0,0,0,0,0,0,0,20261214,20261230
88,0,0,0,0,0,0,0,20261005,20261009
89,0,0,0,0,0,0,0,20261123,20261230
90,0,0,0,0,0,0,0,20261125,20261216
91,0,0,0,0,0,0,0,20261005,20261222
92,0,0,0,0,0,0,0,20261011,20270103
93,0,0,0,0,0,0,0,20261012,20261030
94,0,0,0,0,0,0,0,20261007,20261216
95,0,0,0,0,0,0,0,20261007,20261007
96,0,0,0,0,0,0,0,20261014,20261021
97,0,0,0,0,0,0,0,20261009,20261023
98,0,0,0,0,0,0,0,20261225,20270101
99,0,0,0,0,0,0,0,20261102,20261230
100,0,0,0,0,0,0,0,20261107,20270102
101,0,0,0,0,0,0,0,20261010,20261024
102,0,0,0,0,0,0,0,20261122,20270103
103,0,0,0,0,0,0,0,20261011,20261101
104,0,0,0,0,0,0,0,20261005,20261120
105,0,0,0,0,0,0,0,20261009,20261120
106,0,0,0,0,0,0,0,20261005,20261119
107,0,0,0,0,0,0,0,20261123,20261222
108,0,0,0,0,0,0,0,20261104,20261118
109,0,0,0,0,0,0,0,20261103,20261119
110,0,0,0,0,0,0,0,20261102,20261116
111,0,0,0,0,0,0,0,20261102,20261120
112,0,0,0,0,0,0,0,20261005,20261119
113,0,0,0,0,0,0,0,20261012,20261023
114,0,0,0,0,0,0,0,20261005,20261222
115,0,0,0,0,0,0,0,20261005,20261230
116,0,0,0,0,0,0,0,20261005,20261211
117,0,0,0,0,0,0,0,20261005,20261230
118,0,0,0,0,0,0,0,20261009,20261218
119,0,0,0,0,0,0,0,20261123,20261218
120,0,0,0,0,0,0,0,20261010,20270102
121,0,0,0,0,0,0,0,20261010,20270102
122,0,0,0,0,0,0,0,20261011,20270103
123,0,0,0,0,0,0,0,20261011,20270103
124,0,0,0,0,0,0,0,20261221,20261230
125,0,0,0,0,0,0,0,20261005,20261218
126,0,0,0,0,0,0,0,20261026,20261230
127,0,0,0,0,0,0,0,20261007,20261218
128,0,0,0,0,0,0,0,20261028,20261230
129,0,0,0,0,0,0,0,20261005,20261217
130,0,0,0,0,0,0,0,20261026,20261229
131,0,0,0,0,0,0,0,20261012,20261218
132,0,0,0,0,0,0,0,20261006,20261217
133,0,0,0,0,0,0,0,20261005,20261030
134,0,0,0,0,0,0,0,20261102,20261120
135,0,0,0,0,0,0,0,20261005,20261228
136,0,0,0,0,0,0,0,20261005,20261228
137,0,0,0,0,0,0,0,20261106,20261218
138,0,0,0,0,0,0,0,20261009,20261030
139,0,0,0,0,0,0,0,20261006,20261230
140,0,0,0,0,0,0,0,20261102,20261230
141,0,0,0,0,0,0,0,20261009,20261211
142,0,0,0,0,0,0,0,20261107,20270102
143,0,0,0,0,0,0,0,20261005,20261210
144,0,0,0,0,0,0,0,20261214,20261217
145,0,0,0,0,0,0,0,20261215,20261230
146,0,0,0,0,0,0,0,20261011,20261206
147,0,0,0,0,0,0,0,20261103,20261120
148,0,0,0,0,0,0,0,20261008,20261217
149,0,0,0,0,0,0,0,20261006,20261218
150,0,0,0,0,0,0,0,20261006,20261215
151,0,0,0,0,0,0,0,20261102,20261218
152,0,0,0,0,0,0,0,20261011,20261031
153,0,0,0,0,0,0,0,20261017,20270102
154,0,0,0,0,0,0,0,20261012,20261120
155,0,0,0,0,0,0,0,20261011,20261115
156,0,0,0,0,0,0,0,20261026,20261120
157,0,0,0,0,0,0,0,20261010,20261114
158,0,0,0,0,0,0,0,20261012,20261119
159,0,0,0,0,0,0,0,20261016,20261120
160,0,0,0,0,0,0,0,20261008,20261217
161,0,0,0,0,0,0,0,20261007,20261216
162,0,0,0,0,0,0,0,20261005,20261215
163,0,0,0,0,0,0,0,20261009,20261218
164,0,0,0,0,0,0,0,20261005,20261218
165,0,0,0,0,0,0,0,20261005,20261218
166,0,0,0,0,0,0,0,20261009,20261016
167,0,0,0,0,0,0,0,20261011,20261018
168,0,0,0,0,0,0,0,20261224,20261231
169,0,0,0,0,0,0,0,20261010,20270102
170,0,0,0,0,0,0,0,20261016,20261218
171,0,0,0,0,0,0,0,20261018,20270103
172,0,0,0,0,0,0,0,20261012,20261230
173,0,0,0,0,0,0,0,20261128,20270102
174,0,0,0,0,0,0,0,20261123,20261211
175,0,0,0,0,0,0,0,20261129,20270103
